16
1 0 0 0 5 0 0 0 9 0 0 0 13 14 0 0
0 0 0 12 0 0 0 0 0 0 11 0 0 0 0 0
0 0 0 0 0 0 7 0 0 0 6 0 0 0 0 0
0 15 0 0 0 0 0 0 0 0 0 0 0 0 0 11
2 0 0 0 6 0 0 0 10 0 0 0 14 0 0 0
0 0 0 8 0 0 0 0 0 0 9 0 0 0 0 0
0 0 0 0 0 0 3 0 0 0 2 0 0 0 0 0
0 16 0 0 0 0 0 0 0 0 0 0 0 0 0 10
3 0 0 0 7 0 0 0 11 0 0 0 15 0 0 0
0 0 0 4 0 0 0 0 0 0 5 0 0 0 0 0
0 0 0 0 0 0 8 0 0 0 7 0 0 0 0 0
0 1 0 0 0 0 0 0 0 0 0 0 0 0 0 5
4 0 0 0 8 0 0 0 12 0 0 0 16 0 0 0
0 0 0 10 0 0 0 0 0 0 13 0 0 0 0 0
0 0 0 0 0 0 6 0 0 0 14 0 0 0 0 0
0 9 0 0 0 0 0 0 0 0 0 0 0 0 0 


---------------------------------------------------------------


The solved sudoku:


1 2 3 6 | 5 4 10 11 | 9 7 8 12 | 13 14 15 16 
5 4 7 12 | 1 2 9 13 | 14 15 11 16 | 3 6 10 8 
8 10 9 11 | 14 15 7 16 | 1 3 6 13 | 2 4 5 12 
13 15 14 16 | 3 6 12 8 | 2 4 10 5 | 1 7 9 11 
__ __ __ __ __ __ __ __ __ __ __ __ __ __ __ __ 
2 3 1 5 | 6 7 4 9 | 10 8 12 11 | 14 15 16 13 
6 7 4 8 | 2 1 13 10 | 15 16 9 14 | 5 11 12 3 
9 11 10 14 | 12 16 3 15 | 5 13 2 1 | 4 8 6 7 
12 16 13 15 | 11 8 5 14 | 3 6 4 7 | 9 1 2 10 
__ __ __ __ __ __ __ __ __ __ __ __ __ __ __ __ 
3 5 2 9 | 7 10 1 4 | 11 12 16 6 | 15 13 8 14 
10 6 8 4 | 9 3 2 12 | 13 14 5 15 | 7 16 11 1 
11 12 15 13 | 16 14 8 5 | 4 1 7 2 | 6 10 3 9 
14 1 16 7 | 13 11 15 6 | 8 9 3 10 | 12 2 4 5 
__ __ __ __ __ __ __ __ __ __ __ __ __ __ __ __ 
4 13 6 1 | 8 5 11 7 | 12 10 15 3 | 16 9 14 2 
15 14 5 10 | 4 9 16 3 | 7 2 13 8 | 11 12 1 6 
7 8 11 2 | 15 12 6 1 | 16 5 14 9 | 10 3 13 4 
16 9 12 3 | 10 13 14 2 | 6 11 1 4 | 8 5 7 15 
